64 180
0 2
0 3
0 22
0 30
0 34
0 39
0 52
1 2
1 10
1 21
1 33
1 44
1 57
2 21
2 22
2 34
2 57
3 30
3 34
3 36
4 5
4 25
4 31
4 41
4 47
4 49
4 56
5 31
5 41
5 50
6 13
6 14
6 18
6 23
6 24
6 27
6 53
7 17
7 23
7 35
7 59
8 32
8 35
8 38
8 42
8 55
9 16
9 34
9 36
9 50
9 54
9 62
10 21
10 26
10 33
10 37
10 45
10 48
11 15
11 22
11 26
11 29
11 40
12 32
12 35
12 37
12 45
12 59
13 24
13 47
13 60
14 23
14 53
14 61
15 22
15 28
15 29
15 39
15 51
16 31
16 54
16 62
17 18
17 23
17 35
17 42
17 55
18 23
18 27
18 40
18 51
18 55
18 58
19 30
19 50
19 52
20 25
20 43
20 49
20 56
20 60
21 22
21 26
22 26
22 39
23 59
23 61
24 27
24 43
24 60
24 63
25 47
25 56
25 60
26 38
26 40
26 45
27 58
27 63
28 39
28 49
28 51
29 40
29 51
30 36
30 50
30 52
31 50
31 62
32 35
32 38
32 45
33 44
33 46
33 48
33 54
34 36
34 44
34 46
34 54
34 57
35 42
35 59
36 50
37 45
37 48
37 53
37 59
38 40
38 45
38 55
39 41
39 49
39 52
40 51
40 55
41 49
41 50
41 52
42 55
43 49
43 51
43 60
43 63
44 46
44 57
46 54
47 60
48 53
48 54
49 51
49 56
50 52
50 62
51 58
51 63
53 59
53 61
58 63
59 61
