64 177
0 18
0 41
0 42
0 46
0 56
1 10
1 11
1 26
1 35
2 6
2 22
2 33
2 42
2 46
2 51
2 55
3 10
3 16
3 19
3 26
3 52
4 16
4 19
4 21
4 27
4 34
4 52
4 62
5 20
5 28
5 38
5 50
5 59
5 60
6 25
6 33
6 55
7 14
7 29
7 43
7 44
7 54
7 56
8 23
8 50
8 51
8 55
8 59
9 13
9 21
9 28
9 31
9 37
9 61
10 11
10 19
10 26
10 54
11 35
11 49
11 54
12 24
12 36
12 39
12 45
12 47
13 30
13 31
13 37
13 53
14 44
14 54
14 58
15 27
15 32
15 38
15 59
16 19
16 52
17 40
17 44
17 45
17 47
17 58
18 30
18 46
18 53
18 56
18 57
18 63
20 27
20 38
20 60
21 26
21 31
21 52
21 61
21 62
22 24
22 33
22 36
22 42
23 25
23 32
23 55
23 59
24 33
24 36
24 39
24 48
25 33
25 48
25 55
26 31
26 35
26 52
27 32
27 34
27 38
27 60
28 34
28 37
28 50
28 51
28 60
28 61
29 49
29 54
29 56
30 37
30 53
30 57
31 35
31 53
32 59
33 48
34 60
34 61
34 62
35 49
35 53
35 56
36 42
36 43
36 45
37 51
37 57
38 59
39 40
39 47
39 58
40 47
40 58
41 42
41 43
41 56
42 43
42 46
43 44
43 45
43 56
44 45
44 58
45 47
46 51
46 63
49 54
49 56
50 51
50 59
51 55
51 57
51 63
53 56
54 58
57 63
61 62
